J
0.6590819130461114,0.23582621099934575,0.1433637113390408,0.11103671897714566,0.1457745738540382,0.14577484013801303,0.23582621099934575,0.34883942112973076,0.0977848445675928,0.12795258366520543,0.12509444685945276,0.12509458113632094,0.1433637113390408,0.0977848445675928,0.13443774684514664,0.07714650612934179,0.10396883166135264,0.10396930993688666,0.11103671897714566,0.12795258366520543,0.07714650612934179,0.1012040913696801,0.09371422566793432,0.0937141146553461,0.1457745738540382,0.12509444685945276,0.10396883166135264,0.09371422566793432,0.11523126050004139,0.10280809079525823,0.14577484013801303,0.12509458113632094,0.10396930993688666,0.0937141146553461,0.10280809079525823,0.11523121290244102
H
(0.0035679795639443307+0j),(-0.0301378276961678-0.24115780406963722j),(-0.009898471222265708-0.09455903798065829j),(-0.07209662245105421+0.011938261215634884j),(-2.1254306470586317e-07-2.6453422126186694e-08j),(0.07195900445072176-0.10057865863832115j),(-0.0301378276961678+0.24115780406963722j),(0.2353643676841108+0j),(0.08377429943947885-0.04318070585354602j),(0.5868138828968428+0.37050395248837187j),(1.0428212846670115e-07-1.8326900827741676e-08j),(-0.5879192384142529+0.35032130980631965j),(-0.009898471222265708+0.09455903798065829j),(0.08377429943947885+0.04318070585354602j),(0.03591007133533344+0j),(0.20470032670403135+0.1180766121672401j),(-5.075448781760804e-08+1.7958637665782653e-07j),(-0.20352333991824428+0.1330883713859428j),(-0.07209662245105421-0.011938261215634884j),(0.5868138828968428-0.37050395248837187j),(0.20470032670403135-0.1180766121672401j),(1.4333818062134625+0j),(-1.9889854078570746e-07+4.1427000009080793e-07j),(-1.4341396755248614-0.16985654334235506j),(-2.1254306470586317e-07+2.6453422126186694e-08j),(1.0428212846670115e-07+1.8326900827741676e-08j),(-5.075448781760804e-08-1.7958637665782653e-07j),(-1.9889854078570746e-07-4.1427000009080793e-07j),(-1.3567490267838547e-08+0j),(-2.9979520623235945e-07+5.819960373989839e-07j),(0.07195900445072176+0.10057865863832115j),(-0.5879192384142529-0.35032130980631965j),(-0.20352333991824428-0.1330883713859428j),(-1.4341396755248614+0.16985654334235506j),(-2.9979520623235945e-07-5.819960373989839e-07j),(1.4333673220803813+0j)
