J
0.7321285633184313,0.16440503621640454,0.16702812830183536,0.0730005993780205,0.1692212986235796,0.16922094664831697,0.16440503621640454,0.15194369756989037,0.09868666357670307,0.054716276905828407,0.1208941597224066,0.12089442838158374,0.16702812830183536,0.09868666357670307,0.15409442577385815,0.09540059233358328,0.12198135072536394,0.12198184022953856,0.0730005993780205,0.054716276905828407,0.09540059233358328,0.33583772437180487,0.06791309264328284,0.06791301179796735,0.1692212986235796,0.1208941597224066,0.12198135072536394,0.06791309264328284,0.13374998237885682,0.11933042312650821,0.16922094664831697,0.12089442838158374,0.12198184022953856,0.06791301179796735,0.11933042312650821,0.13374938499533276
H
(0.0004657534024659086+0j),(0.006183751641497772-0.0893149348833458j),(-0.0032334975043056026-0.10799378190215915j),(-0.002475991834129708+0.010814383453097055j),(1.0131308839938737e-06-1.210875463722937e-06j),(0.0019725149613669273-0.015470185779574626j),(0.006183751641497772+0.0893149348833458j),(-0.9574640471305883+0j),(1.0463362473321942+0.1450150402480494j),(0.6917178442318375-0.5589544290195093j),(2.2618733723291074e-05-3.6103434743482046e-06j),(-0.7395508383363356-0.2149357008857718j),(-0.0032334975043056026+0.10799378190215915j),(1.0463362473321942-0.1450150402480494j),(-1.065369680444085+0j),(-0.7396344663894868+0.29961020477129596j),(-3.86901741588254e-06-9.228140188289254e-06j),(0.7578090447790244+0.5096084564513571j),(-0.002475991834129708-0.010814383453097055j),(0.6917178442318375+0.5589544290195093j),(-0.7396344663894868-0.29961020477129596j),(-0.5596120551113478+0j),(-8.507231201556769e-06+4.4002237574731335e-06j),(0.5707912899910585-1.0876182564928765j),(1.0131308839938737e-06+1.210875463722937e-06j),(2.2618733723291074e-05+3.6103434743482046e-06j),(-3.86901741588254e-06+9.228140188289254e-06j),(-8.507231201556769e-06-4.4002237574731335e-06j),(4.2004796331220494e-07+0j),(1.5021213055810183e-05+7.917342541179483e-06j),(0.0019725149613669273+0.015470185779574626j),(-0.7395508383363356+0.2149357008857718j),(0.7578090447790244-0.5096084564513571j),(0.5707912899910585+1.0876182564928765j),(1.5021213055810183e-05-7.917342541179483e-06j),(-0.5596180260895067+0j)
