J
0.7038523691784785,0.16444654043600146,0.11145527295393351,0.15864661838043587,0.16257350676415275,0.16257352143009904,0.16444654043600146,0.14267328027458046,0.13252825332491686,0.09704981570755974,0.11885260509825221,0.11885254888432778,0.11145527295393351,0.13252825332491686,0.35037238009193533,0.07176765361979774,0.09360020809266248,0.09360032188765814,0.15864661838043587,0.09704981570755974,0.07176765361979774,0.1478584858483568,0.11616721410136921,0.11616697231989388,0.16257350676415275,0.11885260509825221,0.09360020809266248,0.11616721410136921,0.12850196536394778,0.11464855999796265,0.16257352143009904,0.11885254888432778,0.09360032188765814,0.11616697231989388,0.11464855999796265,0.12850214105823793
H
(-0.0003439006469423101+0j),(5.350199946815148e-05-0.14319917379882588j),(-9.37861819185924e-06+0.08724341814615673j),(-7.36512050139601e-05+0.155034872869776j),(-2.9276118278856373e-06-2.50209234895896e-05j),(7.98064534477909e-07-0.004985971046504596j),(5.350199946815148e-05+0.14319917379882588j),(0.0003048462177174948+0j),(-0.0001747839277137651+1.9793563841618695j),(-0.0007729606338841552+2.247110519150137j),(-2.2786258336977046e-05-0.0007171221223792816j),(0.00015991388045768595-1.4689270308621523j),(-9.37861819185924e-06-0.08724341814615673j),(-0.0001747839277137651-1.9793563841618695j),(0.00023509940370051167+0j),(1.3282271962016222e-05-0.11124228942728479j),(-1.726614457199507e-05+0.00036328363903376855j),(5.557869333398769e-05+1.7111706314309896j),(-7.36512050139601e-05-0.155034872869776j),(-0.0007729606338841552-2.247110519150137j),(1.3282271962016222e-05+0.11124228942728479j),(-5.4279551028160614e-05+0j),(2.0644406738684377e-05-0.00037909438121696724j),(0.00012686467761637064-0.14061618107712087j),(-2.9276118278856373e-06+2.50209234895896e-05j),(-2.2786258336977046e-05+0.0007171221223792816j),(-1.726614457199507e-05-0.00036328363903376855j),(2.0644406738684377e-05+0.00037909438121696724j),(-5.78582541391604e-06+0j),(1.4931366201933913e-05+0.000334873360127101j),(7.98064534477909e-07+0.004985971046504596j),(0.00015991388045768595+1.4689270308621523j),(5.557869333398769e-05-1.7111706314309896j),(0.00012686467761637064+0.14061618107712087j),(1.4931366201933913e-05-0.000334873360127101j),(-0.00015877341090637687+0j)
