J
0.7155785039957844,0.16682708844914396,0.16088543993223015,0.0951248236998703,0.1653029564707716,0.1653029596923466,0.16682708844914396,0.1499084366094581,0.09812574706592782,0.12071634091013954,0.12073162240451235,0.12073162593330301,0.16088543993223015,0.09812574706592782,0.14918474514128988,0.06527313729706322,0.11813686202699912,0.11813685736716217,0.0951248236998703,0.12071634091013954,0.06527313729706322,0.34189911274985496,0.08378483346190854,0.0837848348760496,0.1653029564707716,0.12073162240451235,0.11813686202699912,0.08378483346190854,0.13065585154142992,0.11657000074903821,0.1653029596923466,0.12073162593330301,0.11813685736716217,0.0837848348760496,0.11657000074903821,0.1306558553257531
H
(1.8460754689534126e-06+0j),(-7.533823088172708e-08+0.03212880149972681j),(-2.007144373795205e-07-0.11630888496304212j),(-9.492870898204574e-08-0.07016290564852938j),(1.8880566062720754e-09+1.882606124744502e-08j),(1.2613537758427952e-07+0.08949783568955423j),(-7.533823088172708e-08-0.03212880149972681j),(-2.314089127047861e-07+0j),(-4.034478573083635e-07-0.27762504064861515j),(-1.2123814752308998e-06-1.7195868972028356j),(2.1107175390266618e-07+6.663944962566086e-07j),(4.025701437188673e-07+1.721446583071319j),(-2.007144373795205e-07+0.11630888496304212j),(-4.034478573083635e-07+0.27762504064861515j),(-1.5372048106128499e-06+0j),(3.2505175033975e-07+0.10974806667764767j),(-4.121735489216077e-07-1.2270266542144663e-07j),(-3.3547238344493147e-07+0.05059563467424811j),(-9.492870898204574e-08+0.07016290564852938j),(-1.2123814752308998e-06+1.7195868972028356j),(3.2505175033975e-07-0.10974806667764767j),(1.9728620195006108e-07+0j),(5.690973352552631e-07-1.1033351087923857e-06j),(9.956351706050523e-09-0.7701849586421132j),(1.8880566062720754e-09-1.882606124744502e-08j),(2.1107175390266618e-07-6.663944962566086e-07j),(-4.121735489216077e-07+1.2270266542144663e-07j),(5.690973352552631e-07+1.1033351087923857e-06j),(-5.920121194708041e-09+0j),(-4.6667633505381575e-07+4.782186666804747e-07j),(1.2613537758427952e-07-0.08949783568955423j),(4.025701437188673e-07-1.721446583071319j),(-3.3547238344493147e-07-0.05059563467424811j),(9.956351706050523e-09+0.7701849586421132j),(-4.6667633505381575e-07-4.782186666804747e-07j),(-6.929193404685549e-07+0j)
