J
0.7412291490198792,0.16646273288263375,0.1672304828005,0.058767032992750705,0.17135961526289348,0.1713595468960315,0.16646273288263375,0.15378183989311925,0.09908709885442424,0.04660122049631464,0.12237039106263396,0.12237044783289595,0.1672304828005,0.09908709885442424,0.15468114024666732,0.07495844802986844,0.12263311082250787,0.1226332651706114,0.058767032992750705,0.04660122049631464,0.07495844802986844,0.33618880476815,0.05619160659590282,0.056191511300009774,0.17135961526289348,0.12237039106263396,0.12263311082250787,0.05619160659590282,0.13544003989012524,0.12083846897479668,0.1713595468960315,0.12237044783289595,0.1226332651706114,0.056191511300009774,0.12083846897479668,0.13543996257514193
H
(0.0036937626348026017+0j),(0.007683242622195748-0.0909527719189289j),(-0.004881061989064162-0.10614192940559573j),(-0.0035668175384765207+0.0021367798589518143j),(-3.832037027918365e-06+6.7306137493539465e-06j),(0.0014407696861596603-0.0025696385950141737j),(0.007683242622195748+0.0909527719189289j),(-0.7565145697580338+0j),(0.8332156401600503+0.03922491102785206j),(0.7488235127693628-0.5452091402303139j),(-9.558395316208022e-06+7.682370120410943e-05j),(-0.8181090128856172-0.3077974624126761j),(-0.004881061989064162+0.10614192940559573j),(0.8332156401600503-0.03922491102785206j),(-0.8333683510262152+0j),(-0.7635036967769531+0.37786289566816866j),(-6.0601903584049175e-05+7.135461329020724e-05j),(0.7646416147594599+0.4847860007507518j),(-0.0035668175384765207-0.0021367798589518143j),(0.7488235127693628+0.5452091402303139j),(-0.7635036967769531-0.37786289566816866j),(-0.7777092483755959+0j),(-1.2961687137648801e-05-4.35686388485341e-05j),(0.7743250742231395-0.8911849850570933j),(-3.832037027918365e-06-6.7306137493539465e-06j),(-9.558395316208022e-06-7.682370120410943e-05j),(-6.0601903584049175e-05-7.135461329020724e-05j),(-1.2961687137648801e-05+4.35686388485341e-05j),(1.7755108430381534e-05+0j),(-1.6580006952053686e-05+0.00011627034076521467j),(0.0014407696861596603+0.0025696385950141737j),(-0.8181090128856172+0.3077974624126761j),(0.7646416147594599-0.4847860007507518j),(0.7743250742231395+0.8911849850570933j),(-1.6580006952053686e-05-0.00011627034076521467j),(-0.7777209304281866+0j)
