J
0.7373888015463635,0.16558760533296035,0.16705380860804214,0.06515749469617238,0.17046032579717393,0.17046030490214287,0.16558760533296035,0.1529881029494818,0.0988776119220451,0.05038408503153129,0.12175147446164741,0.12175131620275947,0.16705380860804214,0.0988776119220451,0.15448393424741072,0.08437298524299976,0.12232139343136415,0.12232127376373876,0.06515749469617238,0.05038408503153129,0.08437298524299976,0.3356687081200422,0.061594068103094736,0.061594064052843935,0.17046032579717393,0.12175147446164741,0.12232139343136415,0.061594068103094736,0.13472917553064248,0.1202041569255507,0.17046030490214287,0.12175131620275947,0.12232127376373876,0.061594064052843935,0.1202041569255507,0.13472926589054982
H
(0.000921649842059016+0j),(0.007083890575456465-0.08992002156549941j),(-0.004034263995416704-0.10734548327256574j),(-0.003039816926590198+0.005951118881353971j),(2.2071262381965507e-06+1.9039716038024192e-06j),(0.0015679725251524226-0.00845729820703114j),(0.007083890575456465+0.08992002156549941j),(-0.8534287172771782+0j),(0.9412516222945937+0.08839368925921069j),(0.7280461950276809-0.5503237072895631j),(-1.2941883914279578e-05+1.1147182854671478e-05j),(-0.7854742576032976-0.26650380815358954j),(-0.004034263995416704+0.10734548327256574j),(0.9412516222945937-0.08839368925921069j),(-0.950613697051704+0j),(-0.762481011190171+0.34208624189891845j),(4.5253447209073574e-05+3.940960152532169e-05j),(0.7689765649276251+0.5020063359347187j),(-0.003039816926590198-0.005951118881353971j),(0.7280461950276809+0.5503237072895631j),(-0.762481011190171-0.34208624189891845j),(-0.6692240386166816+0j),(6.748489254332047e-05-4.448572197753672e-05j),(0.6693314315102619-0.9932577441277535j),(2.2071262381965507e-06-1.9039716038024192e-06j),(-1.2941883914279578e-05-1.1147182854671478e-05j),(4.5253447209073574e-05-3.940960152532169e-05j),(6.748489254332047e-05+4.448572197753672e-05j),(3.2520369266896287e-06+0j),(3.859448014497864e-05+8.01416420084348e-05j),(0.0015679725251524226+0.00845729820703114j),(-0.7854742576032976+0.26650380815358954j),(0.7689765649276251-0.5020063359347187j),(0.6693314315102619+0.9932577441277535j),(3.859448014497864e-05-8.01416420084348e-05j),(-0.6692581627732288+0j)
