J
0.6736020966644305,0.17640713944552947,0.13301597258049033,0.15204630708819195,0.15523071989298518,0.15523059617424792,0.17640713944552947,0.36892233977363414,0.13910735441798122,0.08907441711941515,0.11739096555641268,0.11739100240320806,0.13301597258049033,0.13910735441798122,0.11115033317142575,0.08669158539882937,0.10520946727782188,0.1052093872552852,0.15204630708819195,0.08907441711941515,0.08669158539882937,0.1441943651783116,0.1105289050770946,0.11052892327836543,0.15523071989298518,0.11739096555641268,0.10520946727782188,0.1105289050770946,0.12266187014032084,0.10943790527816656,0.15523059617424792,0.11739100240320806,0.1052093872552852,0.11052892327836543,0.10943790527816656,0.12266198024092329
H
(9.175319489823798e-07+0j),(-7.086966746885667e-08-0.1359911723214349j),(-1.4072536770645803e-07-0.04778207349892515j),(-2.1144797125611275e-07-0.09566476994102124j),(4.114916887397911e-07+2.406190722536703e-07j),(-4.88044531988819e-08+0.055187174602791114j),(-7.086966746885667e-08+0.1359911723214349j),(-8.651042787541255e-07+0j),(-1.3012333745893016e-07+0.48509756404794707j),(4.6225435206531663e-07-0.4085286486019116j),(5.961027548795995e-07+7.193636566062957e-08j),(-2.90975686634022e-07+0.6071347643668502j),(-1.4072536770645803e-07+0.04778207349892515j),(-1.3012333745893016e-07-0.48509756404794707j),(-3.8849371212126317e-07+0j),(-5.592313037245263e-07-1.348259473115306j),(-1.2222567009843652e-07+3.1820193618287935e-07j),(2.603156869631667e-07+1.2736423709611218j),(-2.1144797125611275e-07+0.09566476994102124j),(4.6225435206531663e-07+0.4085286486019116j),(-5.592313037245263e-07+1.348259473115306j),(-3.093580310088448e-07+0j),(-4.314596087042053e-08-1.5683348246881398e-07j),(4.77089274369051e-07-1.065326442169407j),(4.114916887397911e-07-2.406190722536703e-07j),(5.961027548795995e-07-7.193636566062957e-08j),(-1.2222567009843652e-07-3.1820193618287935e-07j),(-4.314596087042053e-08+1.5683348246881398e-07j),(-5.561895159848653e-09+0j),(4.942511052134134e-07+6.489412221936882e-07j),(-4.88044531988819e-08-0.055187174602791114j),(-2.90975686634022e-07-0.6071347643668502j),(2.603156869631667e-07-1.2736423709611218j),(4.77089274369051e-07+1.065326442169407j),(4.942511052134134e-07-6.489412221936882e-07j),(1.2608349461078143e-07+0j)
