J
0.6900524174344941,0.13521377360913076,0.15620720154641463,0.15531341541078947,0.15950805036369814,0.15950805784464722,0.13521377360913076,0.36281693885346594,0.07964913057760377,0.14032925558031156,0.10493646860345958,0.10493647240555205,0.15620720154641463,0.07964913057760377,0.14688119276195538,0.09391411700740783,0.11386179017520599,0.1138617681366509,0.15531341541078947,0.14032925558031156,0.09391411700740783,0.12884903339624168,0.11438944871785373,0.11438949197085527,0.15950805036369814,0.10493646860345958,0.11386179017520599,0.11438944871785373,0.12607671553392866,0.11248455096444515,0.15950805784464722,0.10493647240555205,0.1138617681366509,0.11438949197085527,0.11248455096444515,0.1260767109256911
H
(0.0023525563306447377+0j),(0.023854674965630072-0.059280486719896566j),(0.004677817437809041-0.10564144355707829j),(0.056090206087980286+0.05403661771398298j),(-5.546157302006524e-08+4.157440478436699e-08j),(-0.05777553436184505+0.018336820637684395j),(0.023854674965630072+0.059280486719896566j),(0.2472175121599297+0j),(0.05210199277815865-0.11583266329016453j),(0.5829473977376726+0.38914124700325375j),(-3.061501184140275e-07+4.042094463245581e-07j),(-0.5944243462957017+0.36351658033675127j),(0.004677817437809041+0.10564144355707829j),(0.05210199277815865+0.11583266329016453j),(0.003195107047777683+0j),(0.12572577850459668+0.05699733322643619j),(-1.2552451819626109e-07+1.7523922754618897e-07j),(-0.1283005814735027+0.10375641053814602j),(0.056090206087980286-0.05403661771398298j),(0.5829473977376726-0.38914124700325375j),(0.12572577850459668-0.05699733322643619j),(1.4444058549723584+0j),(-9.17431803495784e-07+1.3433883840076463e-07j),(-1.4455888132153372-0.11768825223840018j),(-5.546157302006524e-08-4.157440478436699e-08j),(-3.061501184140275e-07-4.042094463245581e-07j),(-1.2552451819626109e-07-1.7523922754618897e-07j),(-9.17431803495784e-07-1.3433883840076463e-07j),(1.1184026254974686e-08+0j),(2.879447354244786e-07+1.3084483348897872e-06j),(-0.05777553436184505-0.018336820637684395j),(-0.5944243462957017-0.36351658033675127j),(-0.1283005814735027-0.10375641053814602j),(-1.4455888132153372+0.11768825223840018j),(2.879447354244786e-07-1.3084483348897872e-06j),(1.44442026806136+0j)
