J
0.7249852944422331,0.16284203922993118,0.16710915878189211,0.08275680869666091,0.16752975435023776,0.1675297973243481,0.16284203922993118,0.15063929756077893,0.09849112956273853,0.059656657163579846,0.11971310823521028,0.11971313820211932,0.16710915878189211,0.09849112956273853,0.15297479282278464,0.10779353290278375,0.12153895517508805,0.12153895201653743,0.08275680869666091,0.059656657163579846,0.10779353290278375,0.33751991151373373,0.07527236457570635,0.07527232995881239,0.16752975435023776,0.11971310823521028,0.12153895517508805,0.07527236457570635,0.13241386153839727,0.11813843202892282,0.1675297973243481,0.11971313820211932,0.12153895201653743,0.07527232995881239,0.11813843202892282,0.1324138365686856
H
(-0.0007249988863064713+0j),(-0.005074462292138585-0.08898889027710617j),(0.003073556658258356-0.10851782922332515j),(0.0018895987592115746+0.015104547735245515j),(-1.209253442914408e-07+1.9874744033880628e-07j),(-0.0022932662293895932-0.021537963752855646j),(-0.005074462292138585+0.08898889027710617j),(1.0514797685833974+0j),(-1.123616877855473+0.19034375472131052j),(-0.6577956602210984-0.5658197343335449j),(1.0990119000531436e-06+2.0950990254713842e-06j),(0.6979672373014644-0.17542349005937663j),(0.003073556658258356+0.10851782922332515j),(-1.123616877855473-0.19034375472131052j),(1.1524986615593067+0j),(0.7080846199776366+0.2573955642752613j),(-3.2858824161513935e-06+1.8139779331787367e-06j),(-0.7317409281730224+0.5166017119330829j),(0.0018895987592115746-0.015104547735245515j),(-0.6577956602210984+0.5658197343335449j),(0.7080846199776366-0.2573955642752613j),(0.46916438184363624+0j),(-8.874966163131792e-07-1.8317196665204807e-06j),(-0.5016645109872122-1.1543670074867853j),(-1.209253442914408e-07-1.9874744033880628e-07j),(1.0990119000531436e-06-2.0950990254713842e-06j),(-3.2858824161513935e-06-1.8139779331787367e-06j),(-8.874966163131792e-07+1.8317196665204807e-06j),(-4.806640635073915e-07+0j),(1.1222001031634573e-06-3.804223550951209e-07j),(-0.0022932662293895932+0.021537963752855646j),(0.6979672373014644+0.17542349005937663j),(-0.7317409281730224-0.5166017119330829j),(-0.5016645109872122+1.1543670074867853j),(1.1222001031634573e-06+3.804223550951209e-07j),(0.4691712184873261+0j)
